Audio/Music/world 1-level 1;1,5;1:20;7,6
F;0;2400
F;2400;2400
J;4800;2400
F;7200;2400
J;9600;2400
J;12000;2400
F;14400;4800
J;19200;1200
F;20400;1200
F;21600;1200
J;22800;1200
J;24000;1200
F;25200;1200
J;26400;1200
J;27600;1200
F;28800;1200
J;30000;1200
F;31200;1200
J;32400;1200
J;33600;1200
F;34800;3600
F;38400;1800
J;40200;1200
J;41400;1200
F;42600;1200
F;43800;1800
J;45600;1200
J;46800;1200
F;48000;1200
F;49200;1200
J;50400;1200
J;51600;1200
F;52800;2400
F;55200;1200
J;56400;0
